acousticness: 0.2395266291922919
danceability: 0.16086338866863858
instrumentalness: 0.03838893330923137
liveness: 0.15042882997456686
loudness: 2.991428627916469
speechiness: 0.08932153796732004
valence: 0.23724777971469507
tempo: 28.122537730057633