acousticness: 0.2444697192786831
danceability: 0.15833042136638129
energy: 0.18666338209654074
instrumentalness: 0.07442656184492567
liveness: 0.1499738350572088
loudness: 0.13965890050056823
speechiness: 0.08923854841027239
valence: 0.2389087233514038
tempo: 0.1271123360537627
popularity: 0.133588214763193