acousticness: 0.260708098053
danceability: 0.157808773896
energy: 0.200000739159
instrumentalness: 0.112762206168
liveness: 0.150160559043
loudness: 0.15277022744
speechiness: 0.085231875324
valence: 0.246930590706
tempo: 0.130050128493
popularity: 0.142329841613
